%Declaration des Variables 
K1=1 
K2=10
K3=100
K4=1000